
pn =

  Columns 1 through 6

   -0.5461   -0.9630   -0.1292   -0.5461   -0.1292   -0.7546
   -0.7921   -0.5931   -0.3941   -0.5931   -0.1950   -0.5931
   -0.6029   -0.4191   -0.2353   -0.4191   -0.2353   -0.7868
   -0.8047   -0.8047   -0.2485   -0.0630   -0.2485   -0.8047

  Columns 7 through 12

   -0.3377   -0.5461   -0.5461   -0.3377   -0.1292   -0.3377
   -0.1950   -0.3941   -0.7921   -0.7921   -0.1950    0.0040
   -0.2353   -0.0515   -0.7868   -0.6029   -0.2353   -0.4191
   -0.2485   -0.4339   -0.4339   -0.0630   -0.2485   -0.6193

  Columns 13 through 18

   -0.1292   -0.7546   -0.7546    0.0792   -0.1292   -0.7546
   -0.1950   -0.7921   -0.5931   -0.3941   -0.1950   -0.3941
   -0.2353   -0.4191   -0.0515   -0.6029   -0.7868   -0.6029
   -0.8047   -0.6193   -0.2485   -0.4339   -0.2485   -0.6193

  Columns 19 through 24

   -0.1292   -0.3377   -0.1292   -0.3377    0.0792   -0.1292
   -0.1950   -0.5931   -0.7921   -0.5931   -0.1950   -0.1950
   -0.2353   -0.4191   -0.2353   -0.6029   -1.1544    0.3162
    0.3078   -0.0630    0.1224   -0.4339   -0.6193    0.3078

  Columns 25 through 30

   -0.5461    2.3721    2.7890   -0.5461   -0.1292   -0.3377
   -0.3941    1.9943    2.3923   -0.5931    0.4020    0.0040
   -0.0515    1.7868    2.5221   -0.4191    0.3162   -0.2353
   -0.2485    2.7183    3.4599   -0.6193    0.1224   -0.6193

  Columns 31 through 36

   -0.1292    2.1636    2.5805   -0.5461    0.4961    0.0792
    0.2030    1.9943    2.7904   -0.3941    0.4020   -0.1950
   -0.9706    2.7059    3.4412   -0.6029    0.1324   -0.6029
   -0.0630    2.1620    2.3474   -0.6193   -0.4339   -0.4339

  Columns 37 through 42

    2.1636    2.9974   -0.3377    0.4961   -0.1292   -0.9630
    1.9943    3.7855   -0.5931    0.2030   -0.5931    0.0040
    2.1544    2.3382   -0.6029   -0.4191   -0.4191    0.5000
    2.3474    2.1620   -0.6193   -0.2485   -0.0630   -0.2485

  Columns 43 through 48

   -0.5461    0.2877   -0.5461   -0.5461   -0.3377   -0.3377
   -0.5931   -0.3941   -0.3941   -0.5931   -0.1950    0.0040
   -0.6029   -0.2353   -0.0515   -0.4191   -0.2353    0.3162
   -0.4339   -0.2485    0.3078   -0.2485   -0.6193   -0.8047

  Columns 49 through 50

   -0.5461   -1.1714
   -0.3941   -0.1950
   -0.2353   -0.0515
   -0.4339   -0.2485


meanp =

   12.6200
   12.9800
   13.2800
   13.3400


stdp =

    4.7975
    5.0244
    5.4400
    5.3932


tn =

  Columns 1 through 6

   -0.8221   -0.6245   -0.2292   -0.4269   -0.2292   -0.4269

  Columns 7 through 12

   -0.2292   -0.6245   -0.6245   -0.2292   -0.2292   -0.4269

  Columns 13 through 18

   -0.2292   -0.6245   -1.2173   -0.0316    0.1660   -0.4269

  Columns 19 through 24

    0.3636   -0.2292   -1.0197   -0.6245   -0.0316    0.1660

  Columns 25 through 30

   -0.6245    2.3398    2.5374   -0.6245   -0.4269   -0.4269

  Columns 31 through 36

    0.5612    2.5374    2.3398   -0.6245   -0.2292   -0.0316

  Columns 37 through 42

    2.5374    2.7350   -0.4269   -0.2292    0.3636    0.1660

  Columns 43 through 48

   -0.2292   -0.6245   -0.8221   -0.4269   -0.0316   -0.0316

  Columns 49 through 50

   -0.4269   -1.0197


meant =

   13.1600


stdt =

    5.0603


 
>> net

net =

    Neural Network object:

    architecture:

         numInputs: 1
         numLayers: 3
       biasConnect: [1; 1; 1]
      inputConnect: [1; 0; 0]
      layerConnect: [0 0 0; 1 0 0; 0 1 0]
     outputConnect: [0 0 1]

        numOutputs: 1  (read-only)
    numInputDelays: 0  (read-only)
    numLayerDelays: 0  (read-only)

    subobject structures:

            inputs: {1x1 cell} of inputs
            layers: {3x1 cell} of layers
           outputs: {1x3 cell} containing 1 output
            biases: {3x1 cell} containing 3 biases
      inputWeights: {3x1 cell} containing 1 input weight
      layerWeights: {3x3 cell} containing 2 layer weights

    functions:

          adaptFcn: 'trains'
         divideFcn: (none)
       gradientFcn: 'calcgrad'
           initFcn: 'initlay'
        performFcn: 'mse'
          plotFcns: {'plotperform','plottrainstate','plotregression'}
          trainFcn: 'traingdm'

    parameters:

        adaptParam: .passes
       divideParam: (none)
     gradientParam: (none)
         initParam: (none)
      performParam: (none)
        trainParam: .show, .showWindow, .showCommandLine, .epochs, 
                    .time, .goal, .max_fail, .lr, 
                    .mc, .min_grad

    weight and bias values:

                IW: {3x1 cell} containing 1 input weight matrix
                LW: {3x3 cell} containing 2 layer weight matrices
                 b: {3x1 cell} containing 3 bias vectors

    other:

              name: ''
          userdata: (user information)

>> net.IW{1,1}=[...
0.4500 0.0894 -0.8542 0.8416
0.9579 -0.1978 -0.5595 -0.6146
-0.6119 -0.9953 0.1435 -0.4015
-0.6320 -0.7867 -0.4583 0.5986
-0.0152 1.1257 0.4672 -0.1576
0.4021 -0.7500 -0.3316 -0.8762
0.5958 0.6346 0.6376 0.6659
-0.3116 0.9297 -0.7423 0.1878
-0.0043 0.7410 -0.8049 -0.6237
-0.7518 0.4902 0.5800 -0.6967];
>> net.b{1,1}=[...
-2.9086
-1.6140
2.9221
1.9021
-0.9166
1.5395
-1.2132
-1.4846
-1.4403
-2.2184];
>> net.LW{2,1}=[...
1.4500 1.0501 0.9679 -0.0225 0.0705 -1.7650 0.8302 1.1893 1.1413 0.3847
0.7305 1.4203 -0.3329 0.1057 -0.1429 -1.5011 -1.5074 1.0495 -1.1499 -1.0838
1.5362 -1.2236 -0.6011 0.0316 0.8532 0.4183 -1.4828 -0.9369 -0.9060 1.3406
1.4153 -1.2922 -0.1157 -1.2216 1.0480 1.6869 0.0372 0.9609 -0.1592 -0.8628
0.9604 1.1946 -1.2088 1.4801 0.3484 -0.2468 1.2570 -0.9697 -1.4478 -0.1297];
>> net.b{2,1}
net.LW{3,2}=[...
0.6595 -0.3997 0.4192 -0.8508 0.5004];
net.b{3,1}=[-0.0622];

ans =

    3.2889
    1.6445
         0
    1.6445
   -3.2889

>> net.trainParam.epochs=100000;
net.trainParam.goal=1e-6;
net.trainParam.lr=0.5;
net.trainParam.show=200;
net.trainParam.mc=0.8;
>> net.trainParam.epochs=100000;
net.trainParam.goal=1e-6;
net.trainParam.lr=0.5;
net.trainParam.show=10000;
net.trainParam.mc=0.8;
>> net.trainParam.mc

ans =

    0.8000

>> net.trainParam.show

ans =

       10000

>> net=train(net,pn,tn)


>> net

net =

    Neural Network object:

    architecture:

         numInputs: 1
         numLayers: 3
       biasConnect: [1; 1; 1]
      inputConnect: [1; 0; 0]
      layerConnect: [0 0 0; 1 0 0; 0 1 0]
     outputConnect: [0 0 1]

        numOutputs: 1  (read-only)
    numInputDelays: 0  (read-only)
    numLayerDelays: 0  (read-only)

    subobject structures:

            inputs: {1x1 cell} of inputs
            layers: {3x1 cell} of layers
           outputs: {1x3 cell} containing 1 output
            biases: {3x1 cell} containing 3 biases
      inputWeights: {3x1 cell} containing 1 input weight
      layerWeights: {3x3 cell} containing 2 layer weights

    functions:

          adaptFcn: 'trains'
         divideFcn: (none)
       gradientFcn: 'calcgrad'
           initFcn: 'initlay'
        performFcn: 'mse'
          plotFcns: {'plotperform','plottrainstate','plotregression'}
          trainFcn: 'traingdm'

    parameters:

        adaptParam: .passes
       divideParam: (none)
     gradientParam: (none)
         initParam: (none)
      performParam: (none)
        trainParam: .show, .showWindow, .showCommandLine, .epochs, 
                    .time, .goal, .max_fail, .lr, 
                    .mc, .min_grad

    weight and bias values:

                IW: {3x1 cell} containing 1 input weight matrix
                LW: {3x3 cell} containing 2 layer weight matrices
                 b: {3x1 cell} containing 3 bias vectors

    other:

              name: ''
          userdata: (user information)

>> an=sim(net,pn)

an =

  Columns 1 through 6

   -0.8093   -0.6047   -0.2183   -0.4274   -0.2343   -0.4204

  Columns 7 through 12

   -0.2192   -0.5978   -0.6201   -0.2247   -0.2343   -0.4366

  Columns 13 through 18

   -0.2264   -0.6487   -1.2082   -0.0369    0.1691   -0.4740

  Columns 19 through 24

    0.3648   -0.2391   -1.0204   -0.6307   -0.0350    0.1661

